1	30
1	124
1	133
1	97
1	119
1	31
1	71
2	118
2	70
2	63
2	93
2	106
2	57
2	55
2	24
3	168
3	174
3	185
3	209
4	31
4	127
4	101
5	24
5	38
5	147
5	148
5	119
5	93
5	64
6	139
6	77
6	90
6	26
6	39
6	38
7	59
7	147
7	87
7	58
7	105
7	49
8	51
8	156
8	48
8	25
8	75
9	121
9	127
9	62
9	81
9	42
9	57
9	41
9	143
10	128
10	115
10	49
10	151
11	33
11	139
11	28
11	148
11	62
11	76
12	65
12	70
14	151
14	39
14	118
14	54
14	149
14	58
15	69
15	53
15	37
15	130
16	28
16	7
16	138
16	159
16	141
19	80
19	13
19	136
19	148
19	38
19	81
19	4
19	20
20	136
20	71
21	55
21	34
21	41
21	1
21	9
22	46
22	141
22	3
22	125
22	83
22	85
25	74
25	146
25	135
25	112
26	2
26	61
26	75
26	61
26	73
27	128
27	152
27	144
27	67
27	105
27	159
27	9
28	107
28	80
28	154
28	145
29	84
29	89
29	96
29	55
29	51
29	66
30	84
30	147
30	125
30	55
30	128
30	160
30	5
31	95
31	76
31	21
31	8
31	121
31	52
31	32
32	121
32	66
32	19
33	89
33	128
33	135
33	45
34	126
34	89
35	24
35	143
36	71
36	17
37	32
37	98
37	108
37	134
37	67
38	72
38	72
39	47
39	107
39	118
39	156
39	92
40	132
40	47
40	41
40	150
40	124
40	16
40	134
40	43
42	133
42	119
42	156
42	150
42	136
43	201
43	202
43	203
43	204
43	205
44	124
44	47
45	62
46	147
47	48
47	25
47	94
48	128
48	42
49	143
49	76
49	60
49	102
49	77
49	71
49	160
50	106
50	178
50	169
50	193
51	109
51	104
51	105
51	92
52	53
52	90
52	94
52	94
53	110
53	79
53	145
53	23
53	124
53	12
54	100
54	35
54	111
54	137
54	108
54	79
55	98
55	142
56	128
56	133
56	89
57	154
57	120
58	99
59	99
59	151
59	64
59	115
59	66
60	67
60	58
60	85
60	61
60	156
60	159
60	74
64	157
67	120
67	101
67	71
67	145
68	100
68	140
69	117
69	160
69	111
71	144
71	110
72	150
72	90
72	86
72	140
73	138
73	147
73	109
73	107
73	75
74	152
74	87
74	158
74	160
75	131
75	113
75	157
75	134
75	138
78	85
78	65
78	86
78	46
78	4
79	20
79	60
79	94
80	68
80	72
80	154
80	37
81	140
81	10
81	63
81	39
81	101
81	44
81	44
82	57
82	144
82	52
82	47
84	59
84	95
84	141
84	72
86	159
86	85
86	109
86	89
87	125
87	49
87	85
88	161
88	168
88	174
88	173
88	192
89	63
89	93
89	70
90	36
91	150
92	162
92	163
92	168
92	177
93	108
93	155
93	35
93	110
95	76
95	129
95	111
95	130
96	147
96	95
96	65
96	123
96	156
97	178
98	141
98	121
98	123
98	91
98	105
98	149
99	118
100	115
100	151
100	83
100	40
100	36
100	44
100	78
102	65
103	9
103	36
103	121
104	87
104	69
104	152
104	88
104	99
105	139
105	147
105	52
105	79
106	90
107	140
107	28
107	71
107	148
107	15
107	19
107	47
107	53
109	40
109	138
109	30
109	134
110	18
110	109
110	133
110	118
110	149
110	70
111	7
111	139
111	40
111	131
111	77
111	76
111	156
111	74
112	76
112	4
112	65
112	14
112	62
112	11
114	22
114	83
115	18
115	70
115	31
115	14
115	47
115	66
115	116
117	11
117	19
117	75
117	131
117	114
117	39
117	112
121	54
122	22
122	191
122	209
124	145
124	103
124	102
124	142
124	146
124	85
124	32
124	114
126	61
126	150
126	91
126	112
126	26
126	153
126	9
127	66
127	10
127	65
128	96
128	16
128	44
128	132
128	25
129	2
129	113
129	71
130	126
130	78
130	34
130	100
130	114
130	145
130	152
130	36
131	28
131	128
131	46
131	24
131	55
131	26
131	78
132	125
132	65
132	47
132	14
133	75
133	71
133	4
133	74
135	28
135	94
135	18
136	121
136	120
137	120
137	9
137	38
137	102
138	106
138	76
138	114
139	146
139	80
139	137
139	140
139	46
140	71
140	129
140	110
140	49
140	20
140	135
141	157
141	35
141	113
141	100
141	67
141	1
141	83
141	100
142	114
142	81
142	79
142	140
142	113
143	53
143	20
143	18
143	113
143	63
143	97
143	56
144	46
144	138
144	14
144	45
144	68
144	143
144	154
144	60
145	93
145	129
145	106
145	29
145	11
145	19
145	100
146	116
146	115
146	99
146	99
146	91
147	116
147	132
147	100
147	73
147	66
147	79
149	86
149	153
149	34
149	87
149	17
149	28
149	133
149	113
150	84
150	72
150	145
150	130
150	77
151	86
151	27
151	83
151	115
151	68
151	58
151	81
152	139
152	45
152	42
152	37
152	82
152	40
152	95
153	121
153	11
153	136
153	72
153	98
153	86
153	45
153	8
154	127
154	148
154	139
154	102
154	152
154	94
156	26
157	120
158	63
158	37
158	6
158	29
158	65
158	49
158	9
159	147
159	72
159	104
159	139
160	110
160	158
160	188
160	18
160	183
160	170
160	169
161	164
161	176
161	180
161	191
162	188
162	164
163	189
163	170
163	172
163	177
163	178
163	192
164	182
164	185
165	164
165	166
165	177
165	180
165	195
166	167
166	112
166	197
166	183
167	168
167	169
167	176
167	181
168	196
168	198
169	164
169	187
169	178
170	189
170	193
171	133
171	131
172	173
172	176
173	174
173	176
173	179
173	185
174	162
174	154
175	15
175	28
175	160
175	162
175	177
175	178
175	186
175	199
176	177
176	198
177	163
178	150
178	196
179	162
180	145
180	189
180	161
180	187
180	154
181	175
181	199
181	163
181	179
182	192
182	176
182	200
183	193
183	200
184	200
184	171
184	195
185	161
186	175
186	163
186	192
187	130
187	199
188	192
188	190
188	21
189	166
190	192
191	193
191	194
191	202
191	208
192	186
192	196
193	139
193	156
193	180
194	177
194	182
194	192
195	175
195	184
196	197
196	199
196	200
197	198
198	180
198	200
199	151
199	163
199	184
200	201
201	206
202	207
202	208
203	210
203	204
205	207
205	208
206	210
208	45
209	210	